batonik
70
467
5
1
29
4
18
0
22
batonik
280
205
6
2
27
1
11
1
2
batonik
490
436
2
5
2
3
22
1
21
batonik
420
218
6
8
6
11
18
0
22
batonik
490
299
6
5
23
21
2
0
3
cukierki
70
467
5
1
29
4
18
0
22
cukierki
280
205
6
2
27
1
11
1
2
cukierki
490
436
2
5
2
3
22
1
21
cukierki
420
218
6
8
6
11
18
0
22
cukierki
490
299
6
5
23
21
2
0
3
czipsy
70
467
5
1
29
4
18
0
22
czipsy
280
205
6
2
27
1
11
1
2
czipsy
490
436
2
5
2
3
22
1
21
czipsy
420
218
6
8
6
11
18
0
22
czipsy
490
299
6
5
23
21
2
0
3
paluszki
70
467
5
1
29
4
18
0
22
paluszki
280
205
6
2
27
1
11
1
2
paluszki
490
436
2
5
2
3
22
1
21
paluszki
420
218
6
8
6
11
18
0
22
paluszki
490
299
6
5
23
21
2
0
3
guma
70
467
5
1
29
4
18
0
22
guma
280
205
6
2
27
1
11
1
2
guma
490
436
2
5
2
3
22
1
21
guma
420
218
6
8
6
11
18
0
22
guma
490
299
6
5
23
21
2
0
3
guma
70
467
5
1
29
4
18
0
22
guma
280
205
6
2
27
1
11
1
2
guma
490
436
2
5
2
3
22
1
21
guma
420
218
6
8
6
11
18
0
22
guma
490
299
6
5
23
21
2
0
3